2
51
60
68
72
73
127
128
129
131
175
180
193
200
282
294
296
325
326
329
345
346
460
581
612
658
661
664
667
762
762
781
786
787
791
792
799
891
987
988
1042
1043
1046
1145
1173
1186
1201
1319
1320
1321
1322
1379
1578
1655
1737
1737
1738
1738
1740
1742
1745
1750
1788
1788
1818
1818
1818
1819
1819
1840
1840
1849
1885
1885
1901
2075
2140
2142
2263
2264
2265
2266
2267
2269
2272
2274
2274
2278
2303
2304
2304
2306
2306
2307
2369
2511
2546
2709
2709
2709
2733
2739
2856
2858
2929
2962
3012
3012
3026
3026
3043
3044
3045
3143
3213
3222
3226
3321
3321
3321
3543
3719
3896
4037
4042
4063
4142
4142
4143
4143
4144
4144
4158
4163
4181
4181
4198
4233
4238
4253
4254
4255
4257
4258
4260
4261
4261
4262
4286
4300
4304
4305
4305
4305
4308
4321
4403
4406
4470
4491
4491
4492
4493
4493
4494
4495
4496
4501
4501
4503
4505
4507
4508
4538
4563
4640
4655
4659
4730
4731
4744
4754
4756
4760
5070
5147
5168
5168
5221
5383
5390
5412
5443
5451
5523
5525
5527
5527
5554
5554
5554
5614
5695
5706
5726
5728
5729
5730
5742
5743
5750
5760
5777
5777
5782
5797
5893
5896
5937
5941
5961
6047
6048
6051
6051
6059
6060
6061
6081
6081
6081
6149
6573
6742
6743
6744
7115
7236
7238
7555
7605
7888
7996
8037
8136
8158
8273
8285
8317
8326
8352
8469
8511
8833
8851
9040
9144
9154
9339
9520
9627
9725
10453
10515
11285
11315
11776
11776
12276
12353
12931
13654
14498
14498
15852
15852
16470
16640
17342
18413
18805
19448
19724
20314
22109
22109
22400
23265
25306
